%YAML:1.0
---
R: !!opencv-matrix
   rows: 3
   cols: 3
   dt: d
   data: [ 9.9993206632981690e-01, 4.7795711664438975e-03,
       1.0631012409338914e-02, -4.8593198012917621e-03,
       9.9996015486084588e-01, 7.4883711007077535e-03,
       -1.0594797612573524e-02, -7.5395218772836906e-03,
       9.9991544936230004e-01 ]
T: !!opencv-matrix
   rows: 3
   cols: 1
   dt: d
   data: [ -5.9988323783063066e+01, 8.1333337365004740e-02,
       6.2297582942569985e-01 ]
Rl: !!opencv-matrix
   rows: 3
   cols: 3
   dt: d
   data: [ 9.9999384025910265e-01, 3.5019112385979412e-03,
       2.3677315980669220e-04, -3.5027734705986428e-03,
       9.9998685300734258e-01, 3.7449152840894652e-03,
       -2.2365568603073885e-04, -3.7457215791243657e-03,
       9.9999295974921032e-01 ]
Rr: !!opencv-matrix
   rows: 3
   cols: 3
   dt: d
   data: [ 9.9994516177975701e-01, -1.3557451193943941e-03,
       -1.0384381947272193e-02, 1.3167850559712550e-03,
       9.9999207280390534e-01, -3.7577129301244279e-03,
       1.0389394129205285e-02, 3.7438328648714781e-03,
       9.9993902024328862e-01 ]
Pl: !!opencv-matrix
   rows: 3
   cols: 4
   dt: d
   data: [ 4.2395053360026947e+02, 0., 3.4628024673461914e+02, 0., 0.,
       4.2395053360026947e+02, 2.7213054084777832e+02, 0., 0., 0., 1.,
       0. ]
Pr: !!opencv-matrix
   rows: 3
   cols: 4
   dt: d
   data: [ 4.2395053360026947e+02, 0., 3.4628024673461914e+02,
       -2.5433476604206888e+04, 0., 4.2395053360026947e+02,
       2.7213054084777832e+02, 0., 0., 0., 1., 0. ]
Q: !!opencv-matrix
   rows: 4
   cols: 4
   dt: d
   data: [ 1., 0., 0., -3.4628024673461914e+02, 0., 1., 0.,
       -2.7213054084777832e+02, 0., 0., 0., 4.2395053360026947e+02, 0.,
       0., 1.6668996543325300e-02, 0. ]
